        TIME,    TIDE,      OB,   SURGE,    BIAS,     TWL,SURGE90p,  TWL90p,SURGE10p,   TWL10p
202604140600,   1.241,   0.829,  -0.400,  -0.012,   0.829,  -0.500,   0.729,  -0.300,   0.929
202604140606,   1.320,9999.000,9999.000,9999.000,9999.000,9999.000,9999.000,9999.000,9999.000
202604140612,   1.401,   1.020,9999.000,9999.000,9999.000,9999.000,9999.000,9999.000,9999.000
202604140618,   1.484,9999.000,9999.000,9999.000,9999.000,9999.000,9999.000,9999.000,9999.000
202604140624,   1.569,   1.308,9999.000,9999.000,9999.000,9999.000,9999.000,9999.000,9999.000
202604140630,   1.655,9999.000,9999.000,9999.000,9999.000,9999.000,9999.000,9999.000,9999.000
202604140636,   1.742,   1.338,9999.000,9999.000,9999.000,9999.000,9999.000,9999.000,9999.000
202604140642,   1.829,9999.000,9999.000,9999.000,9999.000,9999.000,9999.000,9999.000,9999.000
202604140648,   1.918,   1.498,9999.000,9999.000,9999.000,9999.000,9999.000,9999.000,9999.000
202604140654,   2.006,9999.000,9999.000,9999.000,9999.000,9999.000,9999.000,9999.000,9999.000
202604140700,   2.095,   1.669,  -0.400,  -0.026,   1.669,  -0.500,   1.569,  -0.300,   1.769
202604140706,   2.183,   1.767,9999.000,9999.000,9999.000,9999.000,9999.000,9999.000,9999.000
202604140712,   2.271,   1.889,9999.000,9999.000,9999.000,9999.000,9999.000,9999.000,9999.000
202604140718,   2.358,   1.928,9999.000,9999.000,9999.000,9999.000,9999.000,9999.000,9999.000
202604140724,   2.445,   2.200,9999.000,9999.000,9999.000,9999.000,9999.000,9999.000,9999.000
202604140730,   2.530,   2.259,9999.000,9999.000,9999.000,9999.000,9999.000,9999.000,9999.000
202604140736,   2.614,   2.191,9999.000,9999.000,9999.000,9999.000,9999.000,9999.000,9999.000
202604140742,   2.696,   2.279,9999.000,9999.000,9999.000,9999.000,9999.000,9999.000,9999.000
202604140748,   2.777,   2.377,9999.000,9999.000,9999.000,9999.000,9999.000,9999.000,9999.000
202604140754,   2.856,   2.479,9999.000,9999.000,9999.000,9999.000,9999.000,9999.000,9999.000
202604140800,   2.934,   2.578,  -0.400,   0.044,   2.578,  -0.500,   2.478,  -0.300,   2.678
202604140806,   3.009,   2.650,9999.000,9999.000,9999.000,9999.000,9999.000,9999.000,9999.000
202604140812,   3.082,   2.889,9999.000,9999.000,9999.000,9999.000,9999.000,9999.000,9999.000
202604140818,   3.153,   2.938,9999.000,9999.000,9999.000,9999.000,9999.000,9999.000,9999.000
202604140824,   3.221,   3.030,9999.000,9999.000,9999.000,9999.000,9999.000,9999.000,9999.000
202604140830,   3.287,   3.138,9999.000,9999.000,9999.000,9999.000,9999.000,9999.000,9999.000
202604140836,   3.350,   3.070,9999.000,9999.000,9999.000,9999.000,9999.000,9999.000,9999.000
202604140842,   3.411,   3.148,9999.000,9999.000,9999.000,9999.000,9999.000,9999.000,9999.000
202604140848,   3.468,   3.250,9999.000,9999.000,9999.000,9999.000,9999.000,9999.000,9999.000
202604140854,   3.522,   3.289,9999.000,9999.000,9999.000,9999.000,9999.000,9999.000,9999.000
202604140900,   3.574,   3.329,  -0.400,   0.155,   3.329,  -0.500,   3.229,  -0.300,   3.429
202604140906,   3.621,   3.407,9999.000,9999.000,9999.000,9999.000,9999.000,9999.000,9999.000
202604140912,   3.665,   3.489,9999.000,9999.000,9999.000,9999.000,9999.000,9999.000,9999.000
202604140918,   3.706,   3.588,9999.000,9999.000,9999.000,9999.000,9999.000,9999.000,9999.000
202604140924,   3.742,   3.739,9999.000,9999.000,9999.000,9999.000,9999.000,9999.000,9999.000
202604140930,   3.775,   3.817,9999.000,9999.000,9999.000,9999.000,9999.000,9999.000,9999.000
202604140936,   3.803,   3.749,9999.000,9999.000,9999.000,9999.000,9999.000,9999.000,9999.000
202604140942,   3.826,   3.788,9999.000,9999.000,9999.000,9999.000,9999.000,9999.000,9999.000
202604140948,   3.845,   3.817,9999.000,9999.000,9999.000,9999.000,9999.000,9999.000,9999.000
202604140954,   3.859,   3.847,9999.000,9999.000,9999.000,9999.000,9999.000,9999.000,9999.000
202604141000,   3.869,   3.899,  -0.300,   0.330,   3.899,  -0.400,   3.799,  -0.300,   3.899
202604141006,   3.873,   3.949,9999.000,9999.000,9999.000,9999.000,9999.000,9999.000,9999.000
202604141012,   3.872,   3.939,9999.000,9999.000,9999.000,9999.000,9999.000,9999.000,9999.000
202604141018,   3.866,   3.958,9999.000,9999.000,9999.000,9999.000,9999.000,9999.000,9999.000
202604141024,   3.855,   4.057,9999.000,9999.000,9999.000,9999.000,9999.000,9999.000,9999.000
202604141030,   3.839,   4.057,9999.000,9999.000,9999.000,9999.000,9999.000,9999.000,9999.000
202604141036,   3.817,   3.988,9999.000,9999.000,9999.000,9999.000,9999.000,9999.000,9999.000
202604141042,   3.790,   4.008,9999.000,9999.000,9999.000,9999.000,9999.000,9999.000,9999.000
202604141048,   3.758,   3.968,9999.000,9999.000,9999.000,9999.000,9999.000,9999.000,9999.000
202604141054,   3.722,   3.919,9999.000,9999.000,9999.000,9999.000,9999.000,9999.000,9999.000
202604141100,   3.680,   3.909,  -0.300,   0.529,   3.909,  -0.400,   3.809,  -0.300,   3.909
202604141106,   3.634,   3.880,9999.000,9999.000,9999.000,9999.000,9999.000,9999.000,9999.000
202604141112,   3.583,   3.827,9999.000,9999.000,9999.000,9999.000,9999.000,9999.000,9999.000
202604141118,   3.528,   3.758,9999.000,9999.000,9999.000,9999.000,9999.000,9999.000,9999.000
202604141124,   3.469,   3.729,9999.000,9999.000,9999.000,9999.000,9999.000,9999.000,9999.000
202604141130,   3.407,   3.627,9999.000,9999.000,9999.000,9999.000,9999.000,9999.000,9999.000
202604141136,   3.341,   3.558,9999.000,9999.000,9999.000,9999.000,9999.000,9999.000,9999.000
202604141142,   3.271,   3.489,9999.000,9999.000,9999.000,9999.000,9999.000,9999.000,9999.000
202604141148,   3.199,   3.417,9999.000,9999.000,9999.000,9999.000,9999.000,9999.000,9999.000
202604141154,   3.124,   3.329,9999.000,9999.000,9999.000,9999.000,9999.000,9999.000,9999.000
202604141200,   3.047,   3.260,  -0.200,   0.413,   3.260,  -0.300,   3.160,  -0.200,   3.260
202604141206,   2.968,   3.217,9999.000,9999.000,9999.000,9999.000,9999.000,9999.000,9999.000
202604141212,   2.887,   3.129,9999.000,9999.000,9999.000,9999.000,9999.000,9999.000,9999.000
202604141218,   2.804,   3.040,9999.000,9999.000,9999.000,9999.000,9999.000,9999.000,9999.000
202604141224,   2.720,   2.958,9999.000,9999.000,9999.000,9999.000,9999.000,9999.000,9999.000
202604141230,   2.635,   2.840,9999.000,9999.000,9999.000,9999.000,9999.000,9999.000,9999.000
202604141236,   2.548,   2.768,9999.000,9999.000,9999.000,9999.000,9999.000,9999.000,9999.000
202604141242,   2.461,   2.719,9999.000,9999.000,9999.000,9999.000,9999.000,9999.000,9999.000
202604141248,   2.374,   2.650,9999.000,9999.000,9999.000,9999.000,9999.000,9999.000,9999.000
202604141254,   2.286,   2.568,9999.000,9999.000,9999.000,9999.000,9999.000,9999.000,9999.000
202604141300,   2.198,   2.479,  -0.200,   0.481,   2.479,  -0.300,   2.379,  -0.100,   2.579
202604141306,   2.110,   2.377,9999.000,9999.000,9999.000,9999.000,9999.000,9999.000,9999.000
202604141312,   2.021,   2.299,9999.000,9999.000,9999.000,9999.000,9999.000,9999.000,9999.000
202604141318,   1.933,   2.210,9999.000,9999.000,9999.000,9999.000,9999.000,9999.000,9999.000
202604141324,   1.846,   2.128,9999.000,9999.000,9999.000,9999.000,9999.000,9999.000,9999.000
202604141330,   1.759,   2.040,9999.000,9999.000,9999.000,9999.000,9999.000,9999.000,9999.000
202604141336,   1.672,   1.967,9999.000,9999.000,9999.000,9999.000,9999.000,9999.000,9999.000
202604141342,   1.586,   1.879,9999.000,9999.000,9999.000,9999.000,9999.000,9999.000,9999.000
202604141348,   1.501,   1.790,9999.000,9999.000,9999.000,9999.000,9999.000,9999.000,9999.000
202604141354,   1.417,   1.728,9999.000,9999.000,9999.000,9999.000,9999.000,9999.000,9999.000
202604141400,   1.335,   1.659,  -0.200,   0.524,   1.659,  -0.300,   1.559,  -0.100,   1.759
202604141406,   1.254,   1.557,9999.000,9999.000,9999.000,9999.000,9999.000,9999.000,9999.000
202604141412,   1.174,   1.469,9999.000,9999.000,9999.000,9999.000,9999.000,9999.000,9999.000
202604141418,   1.096,   1.400,9999.000,9999.000,9999.000,9999.000,9999.000,9999.000,9999.000
202604141424,   1.020,   1.308,9999.000,9999.000,9999.000,9999.000,9999.000,9999.000,9999.000
202604141430,   0.945,   1.239,9999.000,9999.000,9999.000,9999.000,9999.000,9999.000,9999.000
202604141436,   0.874,   1.170,9999.000,9999.000,9999.000,9999.000,9999.000,9999.000,9999.000
202604141442,   0.804,   1.088,9999.000,9999.000,9999.000,9999.000,9999.000,9999.000,9999.000
202604141448,   0.738,   0.990,9999.000,9999.000,9999.000,9999.000,9999.000,9999.000,9999.000
202604141454,   0.674,   0.941,9999.000,9999.000,9999.000,9999.000,9999.000,9999.000,9999.000
202604141500,   0.613,   0.879,  -0.200,   0.466,   0.879,  -0.300,   0.779,  -0.100,   0.979
202604141506,   0.555,   0.790,9999.000,9999.000,9999.000,9999.000,9999.000,9999.000,9999.000
202604141512,   0.501,   0.718,9999.000,9999.000,9999.000,9999.000,9999.000,9999.000,9999.000
202604141518,   0.450,   0.659,9999.000,9999.000,9999.000,9999.000,9999.000,9999.000,9999.000
202604141524,   0.403,   0.600,9999.000,9999.000,9999.000,9999.000,9999.000,9999.000,9999.000
202604141530,   0.359,   0.541,9999.000,9999.000,9999.000,9999.000,9999.000,9999.000,9999.000
202604141536,   0.320,   0.469,9999.000,9999.000,9999.000,9999.000,9999.000,9999.000,9999.000
202604141542,   0.285,   0.400,9999.000,9999.000,9999.000,9999.000,9999.000,9999.000,9999.000
202604141548,   0.254,   0.341,9999.000,9999.000,9999.000,9999.000,9999.000,9999.000,9999.000
202604141554,   0.227,   0.268,9999.000,9999.000,9999.000,9999.000,9999.000,9999.000,9999.000
202604141600,   0.204,   0.229,  -0.200,   0.225,   0.229,  -0.200,   0.229,  -0.100,   0.329
202604141606,   0.186,   0.190,9999.000,9999.000,9999.000,9999.000,9999.000,9999.000,9999.000
202604141612,   0.172,   0.180,9999.000,9999.000,9999.000,9999.000,9999.000,9999.000,9999.000
202604141618,   0.163,   0.160,9999.000,9999.000,9999.000,9999.000,9999.000,9999.000,9999.000
202604141624,   0.159,   0.160,9999.000,9999.000,9999.000,9999.000,9999.000,9999.000,9999.000
202604141630,   0.159,   0.160,9999.000,9999.000,9999.000,9999.000,9999.000,9999.000,9999.000
202604141636,   0.164,   0.088,9999.000,9999.000,9999.000,9999.000,9999.000,9999.000,9999.000
202604141642,   0.173,   0.068,9999.000,9999.000,9999.000,9999.000,9999.000,9999.000,9999.000
202604141648,   0.188,   0.068,9999.000,9999.000,9999.000,9999.000,9999.000,9999.000,9999.000
202604141654,   0.206,   0.098,9999.000,9999.000,9999.000,9999.000,9999.000,9999.000,9999.000
202604141700,   0.230,   0.111,  -0.100,  -0.019,   0.111,  -0.200,   0.011,  -0.100,   0.111
202604141706,   0.258,   0.170,9999.000,9999.000,9999.000,9999.000,9999.000,9999.000,9999.000
202604141712,   0.291,   0.190,9999.000,9999.000,9999.000,9999.000,9999.000,9999.000,9999.000
202604141718,   0.328,   0.170,9999.000,9999.000,9999.000,9999.000,9999.000,9999.000,9999.000
202604141724,   0.370,   0.409,9999.000,9999.000,9999.000,9999.000,9999.000,9999.000,9999.000
202604141730,   0.417,   0.459,9999.000,9999.000,9999.000,9999.000,9999.000,9999.000,9999.000
202604141736,   0.467,   0.390,9999.000,9999.000,9999.000,9999.000,9999.000,9999.000,9999.000
202604141742,   0.522,   0.439,9999.000,9999.000,9999.000,9999.000,9999.000,9999.000,9999.000
202604141748,   0.581,   0.508,9999.000,9999.000,9999.000,9999.000,9999.000,9999.000,9999.000
202604141754,   0.644,   0.570,9999.000,9999.000,9999.000,9999.000,9999.000,9999.000,9999.000
202604141800,   0.711,   0.600,  -0.100,  -0.011,   0.600,  -0.100,   0.600,   0.000,   0.700
202604141806,   0.782,   0.698,9999.000,9999.000,9999.000,9999.000,9999.000,9999.000,9999.000
202604141812,   0.855,   0.790,9999.000,9999.000,9999.000,9999.000,9999.000,9999.000,9999.000
202604141818,   0.933,   0.879,9999.000,9999.000,9999.000,9999.000,9999.000,9999.000,9999.000
202604141824,   1.013,   1.079,9999.000,9999.000,9999.000,9999.000,9999.000,9999.000,9999.000
202604141830,   1.096,   1.161,9999.000,9999.000,9999.000,9999.000,9999.000,9999.000,9999.000
202604141836,   1.181,   1.088,9999.000,9999.000,9999.000,9999.000,9999.000,9999.000,9999.000
202604141842,   1.269,   1.190,9999.000,9999.000,9999.000,9999.000,9999.000,9999.000,9999.000
202604141848,   1.358,   1.259,9999.000,9999.000,9999.000,9999.000,9999.000,9999.000,9999.000
202604141854,   1.449,   1.371,9999.000,9999.000,9999.000,9999.000,9999.000,9999.000,9999.000
202604141900,   1.542,   1.439,   0.000,  -0.103,   1.439,  -0.100,   1.339,   0.000,   1.439
202604141906,   1.635,   1.518,9999.000,9999.000,9999.000,9999.000,9999.000,9999.000,9999.000
202604141912,   1.729,   1.630,9999.000,9999.000,9999.000,9999.000,9999.000,9999.000,9999.000
202604141918,   1.824,   1.679,9999.000,9999.000,9999.000,9999.000,9999.000,9999.000,9999.000
202604141924,   1.919,   1.981,9999.000,9999.000,9999.000,9999.000,9999.000,9999.000,9999.000
202604141930,   2.014,   2.049,9999.000,9999.000,9999.000,9999.000,9999.000,9999.000,9999.000
202604141936,   2.108,   1.981,9999.000,9999.000,9999.000,9999.000,9999.000,9999.000,9999.000
202604141942,   2.202,   2.079,9999.000,9999.000,9999.000,9999.000,9999.000,9999.000,9999.000
202604141948,   2.295,   2.191,9999.000,9999.000,9999.000,9999.000,9999.000,9999.000,9999.000
202604141954,   2.387,   2.250,9999.000,9999.000,9999.000,9999.000,9999.000,9999.000,9999.000
202604142000,   2.477,   2.358,   0.000,  -0.119,   2.358,  -0.100,   2.258,   0.000,   2.358
202604142006,   2.567,   2.440,9999.000,9999.000,9999.000,9999.000,9999.000,9999.000,9999.000
202604142012,   2.654,   2.538,9999.000,9999.000,9999.000,9999.000,9999.000,9999.000,9999.000
202604142018,   2.740,   2.650,9999.000,9999.000,9999.000,9999.000,9999.000,9999.000,9999.000
202604142024,   2.824,   2.899,9999.000,9999.000,9999.000,9999.000,9999.000,9999.000,9999.000
202604142030,   2.905,   2.988,9999.000,9999.000,9999.000,9999.000,9999.000,9999.000,9999.000
202604142036,   2.985,   2.919,9999.000,9999.000,9999.000,9999.000,9999.000,9999.000,9999.000
202604142042,   3.061,   3.007,9999.000,9999.000,9999.000,9999.000,9999.000,9999.000,9999.000
202604142048,   3.136,   3.099,9999.000,9999.000,9999.000,9999.000,9999.000,9999.000,9999.000
202604142054,   3.208,   3.168,9999.000,9999.000,9999.000,9999.000,9999.000,9999.000,9999.000
202604142100,   3.277,   3.250,   0.000,  -0.027,   3.250,  -0.100,   3.150,   0.000,   3.250
202604142106,   3.343,   3.319,9999.000,9999.000,9999.000,9999.000,9999.000,9999.000,9999.000
202604142112,   3.406,   3.417,9999.000,9999.000,9999.000,9999.000,9999.000,9999.000,9999.000
202604142118,   3.465,   3.470,9999.000,9999.000,9999.000,9999.000,9999.000,9999.000,9999.000
202604142124,   3.521,   3.709,9999.000,9999.000,9999.000,9999.000,9999.000,9999.000,9999.000
202604142130,   3.574,   3.739,9999.000,9999.000,9999.000,9999.000,9999.000,9999.000,9999.000
202604142136,   3.623,   3.670,9999.000,9999.000,9999.000,9999.000,9999.000,9999.000,9999.000
202604142142,   3.668,   3.749,9999.000,9999.000,9999.000,9999.000,9999.000,9999.000,9999.000
202604142148,   3.709,   3.788,9999.000,9999.000,9999.000,9999.000,9999.000,9999.000,9999.000
202604142154,   3.746,   3.847,9999.000,9999.000,9999.000,9999.000,9999.000,9999.000,9999.000
202604142200,   3.778,   3.909,   0.000,   0.131,   3.909,   0.000,   3.909,   0.000,   3.909
202604142206,   3.806,   3.939,9999.000,9999.000,9999.000,9999.000,9999.000,9999.000,9999.000
202604142212,   3.828,   3.988,9999.000,9999.000,9999.000,9999.000,9999.000,9999.000,9999.000
202604142218,   3.846,   4.027,9999.000,9999.000,9999.000,9999.000,9999.000,9999.000,9999.000
202604142224,   3.859,   4.159,9999.000,9999.000,9999.000,9999.000,9999.000,9999.000,9999.000
202604142230,   3.867,   4.208,9999.000,9999.000,9999.000,9999.000,9999.000,9999.000,9999.000
202604142236,   3.869,   4.139,9999.000,9999.000,9999.000,9999.000,9999.000,9999.000,9999.000
202604142242,   3.866,   4.159,9999.000,9999.000,9999.000,9999.000,9999.000,9999.000,9999.000
202604142248,   3.857,   4.168,9999.000,9999.000,9999.000,9999.000,9999.000,9999.000,9999.000
202604142254,   3.843,   4.208,9999.000,9999.000,9999.000,9999.000,9999.000,9999.000,9999.000
202604142300,   3.824,   4.198,   0.000,   0.374,   4.198,   0.000,   4.198,   0.000,   4.198
202604142306,   3.799,   4.218,9999.000,9999.000,9999.000,9999.000,9999.000,9999.000,9999.000
202604142312,   3.769,   4.208,9999.000,9999.000,9999.000,9999.000,9999.000,9999.000,9999.000
202604142318,   3.733,   4.198,9999.000,9999.000,9999.000,9999.000,9999.000,9999.000,9999.000
202604142324,   3.693,   4.218,9999.000,9999.000,9999.000,9999.000,9999.000,9999.000,9999.000
202604142330,   3.648,   4.178,9999.000,9999.000,9999.000,9999.000,9999.000,9999.000,9999.000
202604142336,   3.598,   4.109,9999.000,9999.000,9999.000,9999.000,9999.000,9999.000,9999.000
202604142342,   3.543,   4.057,9999.000,9999.000,9999.000,9999.000,9999.000,9999.000,9999.000
202604142348,   3.484,   3.988,9999.000,9999.000,9999.000,9999.000,9999.000,9999.000,9999.000
202604142354,   3.422,   3.929,9999.000,9999.000,9999.000,9999.000,9999.000,9999.000,9999.000
202604150000,   3.355,   3.890,   0.000,   0.535,   3.890,   0.000,   3.890,   0.000,   3.890
202604150006,   3.285,   3.808,9999.000,9999.000,9999.000,9999.000,9999.000,9999.000,9999.000
202604150012,   3.212,   3.729,9999.000,9999.000,9999.000,9999.000,9999.000,9999.000,9999.000
202604150018,   3.137,   3.650,9999.000,9999.000,9999.000,9999.000,9999.000,9999.000,9999.000
202604150024,   3.058,   3.529,9999.000,9999.000,9999.000,9999.000,9999.000,9999.000,9999.000
202604150030,   2.977,   3.427,9999.000,9999.000,9999.000,9999.000,9999.000,9999.000,9999.000
202604150036,   2.895,   3.358,9999.000,9999.000,9999.000,9999.000,9999.000,9999.000,9999.000
202604150042,   2.810,   3.299,9999.000,9999.000,9999.000,9999.000,9999.000,9999.000,9999.000
202604150048,   2.724,   3.217,9999.000,9999.000,9999.000,9999.000,9999.000,9999.000,9999.000
202604150054,   2.637,   3.119,9999.000,9999.000,9999.000,9999.000,9999.000,9999.000,9999.000
202604150100,   2.549,   3.040,   0.000,   0.491,   3.040,   0.000,   3.040,   0.000,   3.040
202604150106,   2.460,   2.948,9999.000,9999.000,9999.000,9999.000,9999.000,9999.000,9999.000
202604150112,   2.370,   2.850,9999.000,9999.000,9999.000,9999.000,9999.000,9999.000,9999.000
202604150118,   2.280,   2.758,9999.000,9999.000,9999.000,9999.000,9999.000,9999.000,9999.000
202604150124,   2.190,   2.650,9999.000,9999.000,9999.000,9999.000,9999.000,9999.000,9999.000
202604150130,   2.100,   2.578,9999.000,9999.000,9999.000,9999.000,9999.000,9999.000,9999.000
202604150136,   2.010,   2.509,9999.000,9999.000,9999.000,9999.000,9999.000,9999.000,9999.000
202604150142,   1.920,   2.450,9999.000,9999.000,9999.000,9999.000,9999.000,9999.000,9999.000
202604150148,   1.830,   2.368,9999.000,9999.000,9999.000,9999.000,9999.000,9999.000,9999.000
202604150154,   1.742,   2.259,9999.000,9999.000,9999.000,9999.000,9999.000,9999.000,9999.000
202604150200,   1.653,   2.177,   0.000,   0.524,   2.177,   0.000,   2.177,   0.000,   2.177
202604150206,   1.566,   2.089,9999.000,9999.000,9999.000,9999.000,9999.000,9999.000,9999.000
202604150212,   1.479,   2.010,9999.000,9999.000,9999.000,9999.000,9999.000,9999.000,9999.000
202604150218,   1.394,   1.948,9999.000,9999.000,9999.000,9999.000,9999.000,9999.000,9999.000
202604150224,   1.310,   1.849,9999.000,9999.000,9999.000,9999.000,9999.000,9999.000,9999.000
202604150230,   1.228,   1.790,9999.000,9999.000,9999.000,9999.000,9999.000,9999.000,9999.000
202604150236,   1.147,   1.718,9999.000,9999.000,9999.000,9999.000,9999.000,9999.000,9999.000
202604150242,   1.068,   1.630,9999.000,9999.000,9999.000,9999.000,9999.000,9999.000,9999.000
202604150248,   0.991,   1.557,9999.000,9999.000,9999.000,9999.000,9999.000,9999.000,9999.000
202604150254,   0.916,   1.489,9999.000,9999.000,9999.000,9999.000,9999.000,9999.000,9999.000
202604150300,   0.844,   1.400,   0.000,   0.556,   1.400,   0.000,   1.400,   0.000,   1.400
202604150306,   0.774,   1.328,9999.000,9999.000,9999.000,9999.000,9999.000,9999.000,9999.000
202604150312,   0.707,   1.249,9999.000,9999.000,9999.000,9999.000,9999.000,9999.000,9999.000
202604150318,   0.643,   1.180,9999.000,9999.000,9999.000,9999.000,9999.000,9999.000,9999.000
202604150324,   0.581,   1.088,9999.000,9999.000,9999.000,9999.000,9999.000,9999.000,9999.000
202604150330,   0.524,   1.029,9999.000,9999.000,9999.000,9999.000,9999.000,9999.000,9999.000
202604150336,   0.469,   0.961,9999.000,9999.000,9999.000,9999.000,9999.000,9999.000,9999.000
202604150342,   0.419,   0.908,9999.000,9999.000,9999.000,9999.000,9999.000,9999.000,9999.000
202604150348,   0.372,   0.839,9999.000,9999.000,9999.000,9999.000,9999.000,9999.000,9999.000
202604150354,   0.329,   0.770,9999.000,9999.000,9999.000,9999.000,9999.000,9999.000,9999.000
202604150400,   0.290,   0.718,   0.000,   0.428,   0.718,   0.000,   0.718,   0.000,   0.718
202604150406,   0.255,   0.678,9999.000,9999.000,9999.000,9999.000,9999.000,9999.000,9999.000
202604150412,   0.224,   0.639,9999.000,9999.000,9999.000,9999.000,9999.000,9999.000,9999.000
202604150418,   0.198,   0.580,9999.000,9999.000,9999.000,9999.000,9999.000,9999.000,9999.000
202604150424,   0.176,   0.518,9999.000,9999.000,9999.000,9999.000,9999.000,9999.000,9999.000
202604150430,   0.159,   0.478,9999.000,9999.000,9999.000,9999.000,9999.000,9999.000,9999.000
202604150436,   0.147,   0.400,9999.000,9999.000,9999.000,9999.000,9999.000,9999.000,9999.000
202604150442,   0.139,   0.390,9999.000,9999.000,9999.000,9999.000,9999.000,9999.000,9999.000
202604150448,   0.136,   0.360,9999.000,9999.000,9999.000,9999.000,9999.000,9999.000,9999.000
202604150454,   0.138,   0.331,9999.000,9999.000,9999.000,9999.000,9999.000,9999.000,9999.000
202604150500,   0.145,   0.321,   0.000,   0.176,   0.321,  -0.100,   0.221,   0.000,   0.321
202604150506,   0.156,   0.278,9999.000,9999.000,9999.000,9999.000,9999.000,9999.000,9999.000
202604150512,   0.172,   0.268,9999.000,9999.000,9999.000,9999.000,9999.000,9999.000,9999.000
202604150518,   0.194,   0.321,9999.000,9999.000,9999.000,9999.000,9999.000,9999.000,9999.000
202604150524,   0.220,   0.409,9999.000,9999.000,9999.000,9999.000,9999.000,9999.000,9999.000
202604150530,   0.250,   0.419,9999.000,9999.000,9999.000,9999.000,9999.000,9999.000,9999.000
202604150536,   0.286,   0.341,9999.000,9999.000,9999.000,9999.000,9999.000,9999.000,9999.000
202604150542,   0.327,   0.409,9999.000,9999.000,9999.000,9999.000,9999.000,9999.000,9999.000
202604150548,   0.372,   0.469,9999.000,9999.000,9999.000,9999.000,9999.000,9999.000,9999.000
202604150554,   0.421,   0.498,9999.000,9999.000,9999.000,9999.000,9999.000,9999.000,9999.000
202604150600,   0.476,   0.541,   0.000,   0.065,   0.541,  -0.100,   0.441,   0.000,   0.541
202604150606,   0.534,   0.600,9999.000,9999.000,9999.000,9999.000,9999.000,9999.000,9999.000
202604150612,   0.597,   0.688,9999.000,9999.000,9999.000,9999.000,9999.000,9999.000,9999.000
202604150618,   0.665,   0.751,9999.000,9999.000,9999.000,9999.000,9999.000,9999.000,9999.000
202604150624,   0.736,   0.951,9999.000,9999.000,9999.000,9999.000,9999.000,9999.000,9999.000
202604150630,   0.810,   1.069,9999.000,9999.000,9999.000,9999.000,9999.000,9999.000,9999.000
202604150636,   0.889,   1.000,9999.000,9999.000,9999.000,9999.000,9999.000,9999.000,9999.000
202604150642,   0.970,   1.079,9999.000,9999.000,9999.000,9999.000,9999.000,9999.000,9999.000
202604150648,   1.055,   1.128,9999.000,9999.000,9999.000,9999.000,9999.000,9999.000,9999.000
